9.22272
9.22272
9.22272
5.50312
5.50312
5.50312
10.3578
10.3578
10.3578
11.3745
11.3745
11.3745
11.1849
11.1849
11.1849
10.1326
10.1326
10.1326
8.09123
8.09123
8.09123
15.1938
15.1938
15.1938
12.1095
12.1095
12.1095
10.281
10.281
10.281
10.7831
10.7831
10.7831
15.0443
15.0443
15.0443
10.5256
10.5256
10.5256
7.41081
7.41081
7.41081
13.9496
13.9496
13.9496
12.8277
12.8277
12.8277
8.23084
12.5814
8.23084
8.23084
12.5814
12.5814
8.59938
8.59938
9.60477
8.59938
9.60477
7.62486
9.60477
7.62486
7.62486
6.85811
6.85811
6.85811
12.8661
12.8661
12.8661
10.0308
10.0308
10.0308
3.98766
3.98766
3.98766
9.9878
9.9878
8.73495
8.73495
9.9878
2.74478
8.73495
2.74478
2.74478
11.3131
11.3131
11.3131
2.90341
2.90341
12.3014
2.90341
12.3014
9.70087
12.3014
9.70087
9.70087
10.9906
10.9906
10.9906
12.7039
12.7039
12.7039
7.72539
10.5849
7.72539
7.72539
10.5849
13.3567
9.22272
9.22272
9.22272
5.50312
5.50312
5.50312
10.3578
10.3578
10.3578
11.3745
11.3745
11.3745
11.1849
11.1849
11.1849
10.1326
10.1326
10.1326
8.09123
8.09123
8.09123
15.1938
15.1938
15.1938
12.1095
12.1095
12.1095
10.281
10.281
10.281
10.7831
10.7831
10.7831
15.0443
15.0443
15.0443
10.5256
10.5256
10.5256
7.41081
7.41081
7.41081
13.9496
13.9496
13.9496
12.8277
12.8277
12.8277
8.23084
12.5814
8.23084
8.23084
12.5814
12.5814
8.59938
8.59938
9.60477
8.59938
9.60477
7.62486
9.60477
7.62486
7.62486
6.85811
6.85811
6.85811
12.8661
12.8661
12.8661
10.0308
10.0308
10.0308
3.98766
3.98766
3.98766
9.9878
9.9878
8.73495
8.73495
9.9878
2.74478
8.73495
2.74478
2.74478
11.3131
11.3131
11.3131
2.90341
2.90341
12.3014
2.90341
12.3014
9.70087
12.3014
9.70087
9.70087
10.9906
10.9906
10.9906
12.7039
12.7039
12.7039
7.72539
10.5849
7.72539
7.72539
10.5849
13.3567
