1000
2000
3000
2000
2000
5000
2000
2000
5000
2000
2000
5000
3000
2000
4000
3000
2000
4000
3000
3000
3000
3000
3000
3000
2000
4000
3000
3000
3000
3000
3000
2000
4000
1000
4000
4000
3000
3000
3000
2000
2000
5000
3000
2000
4000
2000
4000
3000
2000
2000
5000
2000
2000
5000
2000
4000
3000
1000
3000
5000
2000
2000
5000
2000
2000
5000
2000
4000
3000
1000
3000
5000
2000
2000
5000
3000
2000
4000
3000
2000
4000
3000
3000
3000
3000
3000
3000
2000
2000
5000
3000
2000
4000
2000
4000
3000
3000
3000
3000
2000
4000
3000
3000
3000
3000
2000
4000
3000
3000
3000
3000
3000
3000
3000
3000
3000
3000
3000
2000
4000
0
1000
2000
2000
2000
5000
2000
2000
5000
2000
2000
5000
3000
2000
4000
3000
2000
4000
3000
3000
3000
3000
3000
3000
2000
4000
3000
3000
3000
3000
3000
2000
4000
1000
4000
4000
3000
3000
3000
2000
2000
5000
3000
2000
4000
2000
4000
3000
2000
2000
5000
2000
2000
5000
2000
4000
3000
1000
3000
5000
2000
2000
5000
2000
2000
5000
2000
4000
3000
1000
3000
5000
2000
2000
5000
3000
2000
4000
3000
2000
4000
3000
3000
3000
3000
3000
3000
2000
2000
5000
3000
2000
4000
2000
4000
3000
3000
3000
3000
2000
4000
3000
3000
3000
3000
2000
4000
3000
3000
3000
3000
3000
3000
3000
3000
3000
3000
3000
2000
4000
